1.000
2.040
2.648
3.079
3.414
3.688
3.919
4.119
4.296
4.454
4.597
4.727
4.847
4.959
5.062
5.159
5.250
5.336
5.417
5.494
5.567
5.637
5.703
5.767
5.828
5.887
5.944
5.998
6.051
6.102
6.151
6.199
6.245
6.290
6.333
6.375
6.416
6.456
6.495
6.533
6.570
6.607
6.642
6.676
6.710
6.743
6.775
6.807
6.838
6.868
6.898
6.927
6.955
6.983
7.011
7.038
7.065
7.091
7.116
7.142
7.166
7.191
7.215
7.238
7.262
7.284
7.307
7.329
7.351
7.373
7.394
7.415
7.436
7.456
7.476
7.496
7.516
7.535
7.554
7.573
7.592
7.610
7.628
7.646
7.664
7.682
7.699
7.716
7.733
7.750
7.766
7.783
7.799
7.815
7.831
7.847
7.862
7.877
7.893
7.908
7.923
7.937
7.952
7.967
7.981
7.995
8.009
8.023
8.037
8.051
8.064
8.078
8.091
8.104
8.117
8.130
8.143
8.156
8.169
8.181
8.194
8.206
8.218
8.230
8.242
8.254
8.266
8.278
8.290
8.301
8.313
8.324
8.336
8.347
8.358
8.369
8.380
8.391
8.402
8.412
8.423
8.434
8.444
8.455
8.465
8.475
8.486
8.496
8.506
8.516
8.526
8.536
8.546
8.555
8.565
8.575
8.584
8.594
8.603
8.613
8.622
8.631
8.641
8.650
8.659
8.668
8.677
8.686
8.695
8.704
8.712
8.721
8.730
8.739
8.747
8.756
8.764
8.773
8.781
8.789
8.798
8.806
8.814
8.822
8.831
8.839
8.847
8.855
8.863
8.871
8.878
8.886
8.894
8.902
8.909
8.917
8.925
8.932
8.940
8.947
8.955
8.962
8.970
8.977
8.985
8.992
8.999
9.006
9.014
9.021
9.028
9.035
9.042
9.049
9.056
9.063
9.070
9.077
9.084
9.090
9.097
9.104
9.111
9.117
9.124
9.131
9.137
9.144
9.151
9.157
9.164
9.170
9.177
9.183
9.189
9.196
9.202
9.208
9.215
9.221
9.227
9.233
9.240
9.246
9.252
9.258
9.264
9.270
9.276
9.282
9.288
9.294
9.300
9.306
9.312
9.318
9.324
9.329
9.335
9.341
9.347
9.353
9.358
9.364
9.370
9.375
9.381
9.386
9.392
9.398
9.403
9.409
9.414
9.420
9.425
9.431
9.436
9.441
9.447
9.452
9.458
9.463
9.468
9.473
9.479
9.484
9.489
9.494
9.500
9.505
9.510
9.515
9.520
9.525
9.530
9.536
9.541
9.546
9.551
9.556
9.561
9.566
9.571
9.576
9.580
9.585
9.590
9.595
9.600
9.605
9.610
9.615
9.619
9.624
9.629
9.634
9.638
9.643
9.648
9.652
9.657
9.662
9.666
9.671
9.676
9.680
9.685
9.690
9.694
9.699
9.703
9.708
9.712
9.717
9.721
9.726
9.730
9.735
9.739
9.743
9.748
9.752
9.757
9.761
9.765
9.770
9.774
9.778
9.783
9.787
9.791
9.795
9.800
9.804
9.808
9.812
9.817
9.821
9.825
9.829
9.833
9.837
9.842
9.846
9.850
9.854
9.858
9.862
9.866
9.870
9.874
9.878
9.882
9.886
9.890
9.894
9.898
9.902
9.906
9.910
9.914
9.918
9.922
9.926
9.930
9.934
9.938
9.942
9.945
9.949
9.953
9.957
9.961
9.965
9.968
9.972
9.976
9.980
9.983
9.987
9.991
9.995
9.998
10.002
10.006
10.010
10.013
10.017
10.021
10.024
10.028
10.032
10.035
10.039
10.042
10.046
10.050
10.053
10.057
10.060
10.064
10.068
10.071
10.075
10.078
10.082
10.085
10.089
10.092
10.096
10.099
10.103
10.106
10.110
10.113
10.116
10.120
10.123
10.127
10.130
10.134
10.137
10.140
10.144
10.147
10.150
10.154
10.157
10.161
10.164
10.167
10.171
10.174
10.177
10.180
10.184
10.187
10.190
10.194
10.197
10.200
10.203
10.207
10.210
10.213
10.216
10.219
10.223
10.226
10.229
10.232
10.235
10.239
10.242
10.245
10.248
10.251
10.254
10.258
10.261
10.264
10.267
10.270
10.273
10.276
10.279
10.282
10.285
10.289
10.292
10.295
10.298
10.301
10.304
10.307
10.310
10.313
10.316
10.319
10.322
10.325
10.328
10.331
10.334
10.337
10.340
10.343
10.346
10.349
10.352
10.355
10.357
10.360
10.363
10.366
10.369
10.372
10.375
10.378
10.381
10.384
10.387
10.389
10.392
10.395
10.398
10.401
10.404
10.406
10.409
10.412
10.415
10.418
10.421
10.423
10.426
10.429
10.432
10.435
10.437
10.440
10.443
10.446
10.448
10.451
10.454
10.457
10.459
10.462
10.465
10.468
10.470
10.473
10.476
10.478
10.481
10.484
10.487
10.489
10.492
10.495
10.497
10.500
10.503
10.505
10.508
10.511
10.513
10.516
10.518
10.521
10.524
10.526
10.529
10.532
10.534
10.537
10.539
10.542
10.545
10.547
10.550
10.552
10.555
10.557
10.560
10.563
10.565
10.568
10.570
10.573
10.575
10.578
10.580
10.583
10.585
10.588
10.590
10.593
10.595
10.598
10.600
10.603
10.605
10.608
10.610
10.613
10.615
10.618
10.620
10.623
10.625
10.628
10.630
10.632
10.635
10.637
10.640
10.642
10.645
10.647
10.649
10.652
10.654
10.657
10.659
10.661
10.664
10.666
10.669
10.671
10.673
10.676
10.678
10.680
10.683
10.685
10.688
10.690
10.692
10.695
10.697
10.699
10.702
10.704
10.706
10.709
10.711
10.713
10.715
10.718
10.720
10.722
10.725
10.727
10.729
10.732
10.734
10.736
10.738
10.741
10.743
10.745
10.747
10.750
10.752
10.754
10.756
10.759
10.761
10.763
10.765
10.768
10.770
10.772
10.774
10.777
10.779
10.781
10.783
10.785
10.788
10.790
10.792
10.794
10.796
10.799
10.801
10.803
10.805
10.807
10.809
10.812
10.814
10.816
10.818
10.820
10.822
10.824
10.827
10.829
10.831
10.833
10.835
10.837
10.839
10.842
10.844
10.846
10.848
10.850
10.852
10.854
10.856
10.858
10.861
10.863
10.865
10.867
10.869
10.871
10.873
10.875
10.877
10.879
10.881
10.883
10.885
10.888
10.890
10.892
10.894
10.896
10.898
10.900
10.902
10.904
10.906
10.908
10.910
10.912
10.914
10.916
10.918
10.920
10.922
10.924
10.926
10.928
10.930
10.932
10.934
10.936
10.938
10.940
10.942
10.944
10.946
10.948
10.950
10.952
10.954
10.956
10.958
10.960
10.962
10.964
10.966
10.968
10.970
10.972
10.973
10.975
10.977
10.979
10.981
10.983
10.985
10.987
10.989
10.991
10.993
10.995
10.997
10.999
11.000
11.002
11.004
11.006
11.008
11.010
11.012
11.014
11.016
11.018
11.019
11.021
11.023
11.025
11.027
11.029
11.031
11.033
11.034
11.036
11.038
11.040
11.042
11.044
11.046
11.047
11.049
11.051
11.053
11.055
11.057
11.058
11.060
11.062
11.064
11.066
11.068
11.069
11.071
11.073
11.075
11.077
11.079
11.080
11.082
11.084
11.086
11.088
11.089
11.091
11.093
11.095
11.097
11.098
11.100
11.102
11.104
11.105
11.107
11.109
11.111
11.113
11.114
11.116
11.118
11.120
11.121
11.123
11.125
11.127
11.128
11.130
11.132
11.134
11.135
11.137
11.139
11.141
11.142
11.144
11.146
11.148
11.149
11.151
11.153
11.154
11.156
11.158
11.160
11.161
11.163
11.165
11.166
11.168
11.170
11.172
11.173
11.175
11.177
11.178
11.180
11.182
11.183
11.185
11.187
11.189
11.190
11.192
11.194
11.195
11.197
11.199
11.200
11.202
11.204
11.205
11.207
11.209
11.210
11.212
11.214
11.215
11.217
11.219
11.220
11.222
11.223
11.225
11.227
11.228
11.230
11.232
11.233
11.235
11.237
11.238
11.240
11.241
11.243
11.245
11.246
11.248
11.250
11.251
11.253
11.254
11.256
11.258
11.259
11.261
11.262
11.264
11.266
11.267
11.269
11.270
11.272
11.274
11.275
11.277
11.278
11.280
11.282
11.283
11.285
11.286
11.288
11.289
11.291
11.293
11.294
11.296
11.297
11.299
11.300
11.302
11.304
11.305
11.307
11.308
11.310
11.311
11.313
11.314
11.316
11.317
11.319
11.321
11.322
11.324
11.325
11.327
11.328
11.330
11.331
11.333
11.334
11.336
11.337
11.339
11.340
11.342
11.344
11.345
11.347
11.348
11.350
11.351
11.353
11.354
11.356
11.357
11.359
11.360
11.362
